14
1 2 750
1 3 800
1 4 880
2 1 750
2 3 1240
2 8 2200
3 1 800
3 2 1240
3 6 1010
4 1 880
4 5 630
4 9 2900
5 4 630
5 6 720
5 7 700
6 3 1010
6 5 720
6 13 2100
6 14 1620
7 5 700
7 8 650
8 2 2200
8 7 650
8 11 610
9 4 2900
9 10 740
9 12 1400
10 9 740
10 11 1000
10 13 1500
11 8 610
11 10 1000
11 12 1320
11 14 1900
12 9 1400
12 11 1320
12 13 830
13 6 2100
13 10 1500
13 12 830
14 6 1620
14 11 1900
